Texto
WEBVTT
Kind: captions
Language: de
in<00:00:00.510><c> unserem</c><00:00:01.020><c> heutigen</c><00:00:01.199><c> video</c><00:00:01.890><c> geht</c><00:00:02.310><c> es</c><00:00:02.610><c> um</c>
in unserem heutigen video geht es um
in unserem heutigen video geht es um
routinen<00:00:03.750><c> jeder</c><00:00:04.560><c> von</c><00:00:04.770><c> uns</c><00:00:05.190><c> hat</c><00:00:05.460><c> ja</c><00:00:05.609><c> so</c><00:00:05.879><c> kleine</c>
routinen jeder von uns hat ja so kleine
routinen jeder von uns hat ja so kleine
routinen<00:00:07.080><c> im</c><00:00:07.200><c> alltag</c><00:00:07.680><c> also</c><00:00:08.460><c> dinge</c><00:00:08.880><c> die</c><00:00:09.210><c> er</c>
routinen im alltag also dinge die er
routinen im alltag also dinge die er
oder<00:00:09.929><c> sie</c><00:00:10.340><c> regelmäßig</c><00:00:11.340><c> macht</c><00:00:11.700><c> und</c><00:00:12.420><c> geradezu</c>
oder sie regelmäßig macht und geradezu
oder sie regelmäßig macht und geradezu
corona<00:00:13.799><c> zeit</c><00:00:14.450><c> sind</c><00:00:15.450><c> diese</c><00:00:15.599><c> routine</c><00:00:16.170><c> manchmal</c>
corona zeit sind diese routine manchmal
corona zeit sind diese routine manchmal
noch<00:00:16.770><c> wichtiger</c><00:00:17.190><c> für</c><00:00:17.340><c> uns</c><00:00:17.789><c> denn</c><00:00:17.970><c> sie</c><00:00:18.119><c> geben</c>
noch wichtiger für uns denn sie geben
noch wichtiger für uns denn sie geben
uns<00:00:18.510><c> eine</c><00:00:18.960><c> struktur</c><00:00:19.529><c> im</c><00:00:20.340><c> alltag</c><00:00:20.609><c> und</c><00:00:21.390><c> sie</c>
uns eine struktur im alltag und sie
uns eine struktur im alltag und sie
geben<00:00:21.779><c> uns</c><00:00:21.810><c> auch</c><00:00:22.199><c> so</c><00:00:22.289><c> kleine</c><00:00:22.800><c> dinge</c><00:00:23.010><c> auf</c><00:00:23.850><c> die</c>
geben uns auch so kleine dinge auf die
geben uns auch so kleine dinge auf die
wir<00:00:24.119><c> uns</c><00:00:24.449><c> jeden</c><00:00:24.779><c> tag</c><00:00:24.840><c> freuen</c><00:00:25.380><c> können</c><00:00:25.800><c> weil</c><00:00:26.760><c> wir</c>
wir uns jeden tag freuen können weil wir
wir uns jeden tag freuen können weil wir
im<00:00:27.029><c> moment</c><00:00:27.180><c> nicht</c><00:00:27.599><c> auf</c><00:00:27.840><c> die</c><00:00:27.930><c> straße</c><00:00:28.439><c> gehen</c><00:00:28.560><c> um</c>
im moment nicht auf die straße gehen um
im moment nicht auf die straße gehen um
interviews<00:00:29.369><c> zu</c><00:00:29.429><c> machen</c><00:00:29.820><c> dachten</c><00:00:30.720><c> wir</c><00:00:30.929><c> wir</c>
interviews zu machen dachten wir wir
interviews zu machen dachten wir wir
zeigen<00:00:31.650><c> euch</c><00:00:31.710><c> heute</c><00:00:32.130><c> einfach</c><00:00:32.550><c> mal</c><00:00:32.730><c> die</c>
zeigen euch heute einfach mal die
zeigen euch heute einfach mal die
kleinen<00:00:34.070><c> alltagsroutinen</c><00:00:35.070><c> des</c><00:00:35.850><c> german</c><00:00:36.630><c> teams</c>
kleinen alltagsroutinen des german teams
kleinen alltagsroutinen des german teams
wir<00:00:37.829><c> fangen</c><00:00:38.040><c> an</c><00:00:38.280><c> mit</c><00:00:38.489><c> manuell</c><00:00:39.090><c> er</c><00:00:39.510><c> steht</c><00:00:39.930><c> immer</c>
wir fangen an mit manuell er steht immer
wir fangen an mit manuell er steht immer
als<00:00:40.710><c> erstes</c><00:00:41.219><c> von</c><00:00:41.370><c> uns</c><00:00:41.460><c> auf</c><00:00:41.940><c> und</c><00:00:42.120><c> dann</c><00:00:42.239><c> zeigen</c>
als erstes von uns auf und dann zeigen
als erstes von uns auf und dann zeigen
wir<00:00:42.750><c> euch</c><00:00:42.780><c> mal</c><00:00:43.079><c> so</c><00:00:43.230><c> einen</c><00:00:43.379><c> ganzen</c><00:00:43.739><c> tagesablauf</c>
wir euch mal so einen ganzen tagesablauf
wir euch mal so einen ganzen tagesablauf
mit<00:00:44.789><c> unseren</c><00:00:45.420><c> routinen</c><00:00:46.110><c> los</c><00:00:46.920><c> geht's</c>
mit unseren routinen los geht's
mit unseren routinen los geht's
[Musik]
guten<00:01:00.520><c> morgen</c>
guten morgen
guten morgen
es<00:01:01.629><c> ist</c><00:01:01.780><c> acht</c><00:01:01.960><c> uhr</c><00:01:02.260><c> ich</c><00:01:02.829><c> bin</c><00:01:02.950><c> gerade</c>
es ist acht uhr ich bin gerade
es ist acht uhr ich bin gerade
aufgestanden<00:01:04.560><c> und</c><00:01:05.560><c> das</c><00:01:06.460><c> erste</c><00:01:06.940><c> was</c><00:01:07.090><c> ich</c>
aufgestanden und das erste was ich
aufgestanden und das erste was ich
morgens<00:01:07.960><c> mache</c><00:01:08.229><c> ist</c><00:01:08.920><c> zu</c><00:01:09.310><c> meditieren</c>
morgens mache ist zu meditieren
morgens mache ist zu meditieren
meditation<00:01:12.640><c> gehört</c><00:01:13.330><c> zu</c><00:01:13.390><c> den</c><00:01:13.630><c> dingen</c><00:01:13.840><c> im</c><00:01:14.229><c> leben</c>
meditation gehört zu den dingen im leben
meditation gehört zu den dingen im leben
die<00:01:15.100><c> man</c><00:01:15.270><c> mich</c><00:01:16.270><c> wirklich</c><00:01:16.570><c> intellektuell</c>
die man mich wirklich intellektuell
die man mich wirklich intellektuell
beschreiben<00:01:18.640><c> oder</c><00:01:18.729><c> verstehen</c><00:01:19.300><c> kann</c><00:01:19.540><c> man</c><00:01:20.229><c> muss</c>
beschreiben oder verstehen kann man muss
beschreiben oder verstehen kann man muss
es<00:01:20.770><c> einfach</c><00:01:21.100><c> eine</c><00:01:21.400><c> weile</c><00:01:21.610><c> machen</c><00:01:22.030><c> bis</c><00:01:22.420><c> man</c><00:01:22.570><c> die</c>
es einfach eine weile machen bis man die
es einfach eine weile machen bis man die
effekte<00:01:22.990><c> spüren</c>
effekte spüren
effekte spüren
ich<00:01:24.550><c> habe</c><00:01:24.729><c> vor</c><00:01:24.880><c> ein</c><00:01:24.970><c> paar</c><00:01:25.090><c> jahren</c><00:01:25.420><c> mit</c><00:01:25.750><c> einer</c>
ich habe vor ein paar jahren mit einer
ich habe vor ein paar jahren mit einer
app<00:01:26.289><c> angefangen</c><00:01:27.039><c> zu</c><00:01:27.160><c> meditieren</c><00:01:27.280><c> und</c><00:01:27.940><c> merke</c>
app angefangen zu meditieren und merke
app angefangen zu meditieren und merke
seitdem<00:01:29.140><c> einfach</c><00:01:29.619><c> dass</c><00:01:30.340><c> wenn</c><00:01:30.550><c> ich</c><00:01:30.700><c> mir</c><00:01:30.910><c> diese</c>
seitdem einfach dass wenn ich mir diese
seitdem einfach dass wenn ich mir diese
20<00:01:31.780><c> minuten</c><00:01:32.259><c> am</c><00:01:32.380><c> morgen</c><00:01:32.560><c> nehme</c><00:01:33.130><c> ich</c><00:01:34.030><c> viel</c>
20 minuten am morgen nehme ich viel
20 minuten am morgen nehme ich viel
präsenter<00:01:35.649><c> und</c><00:01:36.300><c> ausgeglichener</c><00:01:37.300><c> und</c>
präsenter und ausgeglichener und
präsenter und ausgeglichener und
entspannter<00:01:38.729><c> durch</c><00:01:39.729><c> den</c><00:01:39.850><c> tag</c><00:01:40.000><c> kommen</c>
guten<00:01:51.160><c> morgen</c><00:01:51.600><c> so</c><00:01:52.600><c> bei</c><00:01:52.810><c> mir</c><00:01:52.960><c> eine</c><00:01:53.350><c> absolute</c>
guten morgen so bei mir eine absolute
guten morgen so bei mir eine absolute
morgen<00:01:54.640><c> routine</c><00:01:55.000><c> ist</c><00:01:55.390><c> es</c><00:01:55.689><c> heiße</c><00:01:56.409><c> zitrone</c><00:01:56.530><c> mit</c>
morgen routine ist es heiße zitrone mit
morgen routine ist es heiße zitrone mit
irgendwas<00:01:57.580><c> zu</c><00:01:57.640><c> kochen</c><00:01:58.030><c> für</c><00:01:58.780><c> die</c><00:01:58.960><c> arbeit</c><00:01:59.350><c> das</c>
irgendwas zu kochen für die arbeit das
irgendwas zu kochen für die arbeit das
trinke<00:01:59.860><c> ich</c><00:01:59.890><c> immer</c><00:01:59.950><c> gerne</c><00:02:00.340><c> nebenbei</c><00:02:00.610><c> auch</c>
trinke ich immer gerne nebenbei auch
trinke ich immer gerne nebenbei auch
zweimal<00:02:01.330><c> am</c><00:02:01.570><c> tag</c><00:02:01.689><c> eigentlich</c><00:02:01.960><c> auch</c><00:02:02.259><c> noch</c><00:02:02.350><c> mal</c>
zweimal am tag eigentlich auch noch mal
zweimal am tag eigentlich auch noch mal
am<00:02:02.530><c> nachmittag</c><00:02:03.360><c> und</c><00:02:04.360><c> ihr</c><00:02:04.780><c> seht</c><00:02:05.110><c> schon</c><00:02:05.140><c> ich</c>
am nachmittag und ihr seht schon ich
am nachmittag und ihr seht schon ich
habe<00:02:05.530><c> hier</c><00:02:05.829><c> allerdings</c><00:02:06.670><c> eine</c><00:02:07.150><c> zitrone</c><00:02:07.630><c> und</c>
habe hier allerdings eine zitrone und
habe hier allerdings eine zitrone und
knoblauch<00:02:08.890><c> denn</c><00:02:09.100><c> ich</c><00:02:09.280><c> habe</c><00:02:09.399><c> essen</c><00:02:09.670><c> stellt</c>
knoblauch denn ich habe essen stellt
knoblauch denn ich habe essen stellt
beim<00:02:10.119><c> supermarkt</c><00:02:10.720><c> und</c><00:02:11.350><c> die</c><00:02:11.440><c> haben</c><00:02:11.769><c> mir</c><00:02:11.860><c> statt</c>
beim supermarkt und die haben mir statt
beim supermarkt und die haben mir statt
ingwer<00:02:13.209><c> knoblauch</c><00:02:13.860><c> gegeben</c>
ingwer knoblauch gegeben
ingwer knoblauch gegeben
na<00:02:15.280><c> ja</c><00:02:15.430><c> denken</c><00:02:15.970><c> können</c><00:02:16.239><c> wir</c><00:02:16.329><c> nicht</c><00:02:16.450><c> gebrauchen</c>
na ja denken können wir nicht gebrauchen
na ja denken können wir nicht gebrauchen
ich<00:02:16.989><c> habe</c><00:02:17.140><c> allerdings</c><00:02:17.350><c> noch</c><00:02:17.650><c> andere</c><00:02:18.280><c> irgendwo</c>
ich habe allerdings noch andere irgendwo
ich habe allerdings noch andere irgendwo
aus<00:02:19.030><c> dem</c><00:02:19.060><c> glas</c><00:02:19.480><c> sie</c><00:02:19.540><c> nicht</c><00:02:19.720><c> gleich</c><00:02:19.959><c> nutzen</c>
aus dem glas sie nicht gleich nutzen
aus dem glas sie nicht gleich nutzen
aber<00:02:20.440><c> normalerweise</c><00:02:20.950><c> nutze</c><00:02:21.459><c> ich</c><00:02:21.670><c> frische</c>
aber normalerweise nutze ich frische
aber normalerweise nutze ich frische
zitrone<00:02:22.810><c> und</c><00:02:22.900><c> frischen</c><00:02:23.290><c> ingwer</c><00:02:23.530><c> und</c><00:02:23.910><c> ja</c><00:02:24.910><c> das</c>
zitrone und frischen ingwer und ja das
zitrone und frischen ingwer und ja das
ist<00:02:25.600><c> er</c><00:02:25.660><c> kennt</c><00:02:26.230><c> die</c><00:02:26.290><c> vorteile</c><00:02:26.530><c> wahrscheinlich</c>
ist er kennt die vorteile wahrscheinlich
ist er kennt die vorteile wahrscheinlich
vitamin<00:02:27.760><c> c</c><00:02:27.880><c> einer</c><00:02:28.030><c> zitrone</c><00:02:28.510><c> super</c><00:02:28.870><c> gesund</c>
vitamin c einer zitrone super gesund
vitamin c einer zitrone super gesund
sowieso<00:02:29.820><c> irgendwann</c><00:02:30.820><c> ist</c><00:02:31.030><c> finde</c><00:02:31.450><c> ich</c><00:02:31.510><c> eine</c>
sowieso irgendwann ist finde ich eine
sowieso irgendwann ist finde ich eine
absolute<00:02:31.900><c> wunderwaffe</c><00:02:32.790><c> gut</c><00:02:33.790><c> für</c><00:02:34.030><c> den</c><00:02:34.090><c> magen</c>
absolute wunderwaffe gut für den magen
absolute wunderwaffe gut für den magen
beruhigt<00:02:35.079><c> den</c><00:02:35.230><c> magen</c><00:02:35.290><c> ist</c><00:02:35.739><c> gut</c><00:02:35.890><c> für</c><00:02:36.010><c> die</c>
beruhigt den magen ist gut für die
beruhigt den magen ist gut für die
durchblutung<00:02:36.190><c> gibt</c><00:02:36.880><c> ganz</c><00:02:37.269><c> viel</c><00:02:37.360><c> energie</c><00:02:37.420><c> und</c>
durchblutung gibt ganz viel energie und
durchblutung gibt ganz viel energie und
ich<00:02:38.200><c> liebe</c><00:02:38.620><c> das</c><00:02:38.739><c> wenn</c><00:02:39.100><c> ich</c><00:02:39.160><c> zitronen</c><00:02:39.880><c> immer</c>
ich liebe das wenn ich zitronen immer
ich liebe das wenn ich zitronen immer
trinke<00:02:40.360><c> erstmals</c><00:02:40.720><c> der</c><00:02:40.840><c> geschmack</c><00:02:41.200><c> genial</c><00:02:41.530><c> ich</c>
trinke erstmals der geschmack genial ich
trinke erstmals der geschmack genial ich
liebe<00:02:41.980><c> ist</c><00:02:42.190><c> und</c><00:02:42.280><c> dann</c><00:02:42.910><c> fühle</c><00:02:43.150><c> ich</c><00:02:43.180><c> mich</c><00:02:43.299><c> danach</c>
liebe ist und dann fühle ich mich danach
liebe ist und dann fühle ich mich danach
richtig<00:02:43.900><c> energetischen</c><00:02:44.560><c> tag</c><00:02:44.799><c> ich</c><00:02:45.040><c> für</c><00:02:45.160><c> mich</c>
richtig energetischen tag ich für mich
richtig energetischen tag ich für mich
wach<00:02:45.549><c> ich</c><00:02:45.670><c> fühle</c><00:02:45.850><c> mich</c><00:02:45.970><c> gut</c>
wach ich fühle mich gut
wach ich fühle mich gut
und<00:02:47.290><c> ja</c><00:02:47.470><c> für</c><00:02:48.250><c> mich</c><00:02:48.370><c> bringt</c><00:02:48.579><c> das</c><00:02:48.760><c> wersen</c><00:02:49.060><c> café</c>
und ja für mich bringt das wersen café
und ja für mich bringt das wersen café
obwohl<00:02:49.720><c> ich</c><00:02:49.840><c> den</c><00:02:49.959><c> auch</c><00:02:50.140><c> noch</c><00:02:50.230><c> trinken</c>
obwohl ich den auch noch trinken
obwohl ich den auch noch trinken
aber<00:02:51.269><c> ich</c><00:02:52.269><c> kann</c><00:02:52.390><c> das</c><00:02:52.600><c> nur</c><00:02:52.690><c> empfehlen</c><00:02:52.750><c> ein</c>
aber ich kann das nur empfehlen ein
aber ich kann das nur empfehlen ein
wunder<00:02:53.829><c> getränke</c>
wunder getränke
wunder getränke
[Musik]
[Musik]
[Musik]
9<00:03:08.999><c> uhr</c><00:03:09.480><c> 30</c>
9 uhr 30
9 uhr 30
janosch<00:03:12.049><c> schläft</c><00:03:13.049><c> noch</c><00:03:13.760><c> bei</c><00:03:14.760><c> uns</c><00:03:15.090><c> ist</c><00:03:15.269><c> es</c>
janosch schläft noch bei uns ist es
janosch schläft noch bei uns ist es
jetzt<00:03:15.540><c> halb</c><00:03:16.079><c> zehn</c><00:03:16.349><c> und</c><00:03:16.709><c> janne</c><00:03:17.549><c> schläft</c><00:03:18.030><c> zu</c>
jetzt halb zehn und janne schläft zu
jetzt halb zehn und janne schläft zu
dieser<00:03:18.389><c> uhrzeit</c><00:03:18.719><c> tatsächlich</c><00:03:19.500><c> noch</c><00:03:19.769><c> denn</c><00:03:20.189><c> er</c>
dieser uhrzeit tatsächlich noch denn er
dieser uhrzeit tatsächlich noch denn er
bleibt<00:03:20.669><c> gerne</c><00:03:21.389><c> lange</c><00:03:22.260><c> wach</c><00:03:22.680><c> abends</c><00:03:23.340><c> was</c><00:03:23.700><c> er</c>
bleibt gerne lange wach abends was er
bleibt gerne lange wach abends was er
dann<00:03:23.999><c> macht</c><00:03:24.269><c> das</c><00:03:24.389><c> seht</c><00:03:24.629><c> ihr</c><00:03:24.719><c> später</c><00:03:25.109><c> noch</c><00:03:25.319><c> im</c>
dann macht das seht ihr später noch im
dann macht das seht ihr später noch im
video
video
video
ich<00:03:26.579><c> bin</c><00:03:26.700><c> auf</c><00:03:26.909><c> jeden</c><00:03:26.939><c> fall</c><00:03:27.180><c> schon</c><00:03:27.510><c> wach</c><00:03:27.840><c> jetzt</c>
ich bin auf jeden fall schon wach jetzt
ich bin auf jeden fall schon wach jetzt
und<00:03:29.159><c> tatsächlich</c><00:03:29.819><c> habe</c><00:03:30.090><c> ich</c><00:03:30.150><c> auch</c><00:03:30.780><c> eine</c>
und tatsächlich habe ich auch eine
und tatsächlich habe ich auch eine
gewisse<00:03:31.219><c> morgen</c><00:03:32.219><c> routine</c><00:03:32.790><c> und</c><00:03:33.060><c> habe</c><00:03:33.299><c> die</c><00:03:33.419><c> auch</c>
gewisse morgen routine und habe die auch
gewisse morgen routine und habe die auch
ganz<00:03:34.109><c> bewusst</c><00:03:34.949><c> mehr</c><00:03:35.790><c> zugelegt</c><00:03:36.510><c> denn</c><00:03:37.500><c> ich</c>
ganz bewusst mehr zugelegt denn ich
ganz bewusst mehr zugelegt denn ich
liebe<00:03:37.980><c> es</c><00:03:38.310><c> morgens</c><00:03:38.639><c> aufzustehen</c><00:03:39.120><c> mich</c><00:03:39.780><c> direkt</c>
liebe es morgens aufzustehen mich direkt
liebe es morgens aufzustehen mich direkt
an<00:03:40.260><c> den</c><00:03:40.409><c> rechner</c><00:03:40.859><c> zu</c><00:03:41.040><c> setzen</c><00:03:41.549><c> und</c><00:03:41.939><c> anzufangen</c>
an den rechner zu setzen und anzufangen
an den rechner zu setzen und anzufangen
zu<00:03:43.680><c> arbeiten</c><00:03:44.340><c> und</c><00:03:44.609><c> früher</c><00:03:44.819><c> war</c><00:03:45.060><c> das</c><00:03:45.150><c> oft</c><00:03:45.480><c> so</c>
zu arbeiten und früher war das oft so
zu arbeiten und früher war das oft so
dass<00:03:45.840><c> ich</c><00:03:46.199><c> mich</c><00:03:46.739><c> an</c><00:03:46.859><c> den</c><00:03:46.980><c> rechner</c><00:03:47.280><c> gesetzt</c>
dass ich mich an den rechner gesetzt
dass ich mich an den rechner gesetzt
habe<00:03:48.030><c> dann</c><00:03:48.269><c> habe</c><00:03:48.359><c> ich</c><00:03:48.449><c> an</c><00:03:48.599><c> etwas</c><00:03:48.780><c> gearbeitet</c>
habe dann habe ich an etwas gearbeitet
habe dann habe ich an etwas gearbeitet
dann<00:03:49.829><c> habe</c><00:03:49.980><c> ich</c><00:03:50.010><c> etwas</c><00:03:50.099><c> neues</c><00:03:50.310><c> gefunden</c><00:03:50.760><c> noch</c>
dann habe ich etwas neues gefunden noch
dann habe ich etwas neues gefunden noch
was<00:03:51.419><c> neues</c><00:03:51.540><c> und</c><00:03:51.870><c> dann</c><00:03:52.590><c> habe</c><00:03:52.739><c> ich</c><00:03:52.799><c> so</c><00:03:52.980><c> lange</c><00:03:53.040><c> an</c>
was neues und dann habe ich so lange an
was neues und dann habe ich so lange an
irgendwelchen<00:03:54.000><c> sachen</c><00:03:54.060><c> gearbeitet</c><00:03:54.449><c> bis</c><00:03:55.199><c> es</c>
irgendwelchen sachen gearbeitet bis es
irgendwelchen sachen gearbeitet bis es
manchmal<00:03:55.799><c> zwei</c><00:03:56.760><c> oder</c><00:03:56.819><c> drei</c><00:03:57.569><c> uhr</c><00:03:57.629><c> war</c><00:03:58.079><c> ich</c>
manchmal zwei oder drei uhr war ich
manchmal zwei oder drei uhr war ich
hatte<00:03:58.739><c> dann</c><00:03:58.919><c> noch</c><00:03:59.069><c> nicht</c><00:03:59.340><c> gefrühstückt</c><00:03:59.790><c> noch</c>
hatte dann noch nicht gefrühstückt noch
hatte dann noch nicht gefrühstückt noch
nicht<00:04:00.359><c> geduscht</c><00:04:00.870><c> und</c><00:04:01.019><c> hatte</c><00:04:01.709><c> trotzdem</c><00:04:02.129><c> das</c>
nicht geduscht und hatte trotzdem das
nicht geduscht und hatte trotzdem das
gefühl<00:04:02.639><c> dass</c><00:04:02.970><c> ich</c><00:04:03.120><c> irgendwie</c><00:04:03.479><c> nichts</c>
gefühl dass ich irgendwie nichts
gefühl dass ich irgendwie nichts
richtiges<00:04:04.109><c> gemacht</c><00:04:04.650><c> habe</c><00:04:05.269><c> und</c><00:04:06.269><c> ja</c><00:04:06.689><c> um</c><00:04:06.959><c> dem</c>
richtiges gemacht habe und ja um dem
richtiges gemacht habe und ja um dem
vorzubeugen<00:04:08.150><c> habe</c><00:04:09.150><c> ich</c><00:04:09.359><c> mir</c><00:04:09.599><c> auch</c><00:04:10.139><c> bestimmte</c>
vorzubeugen habe ich mir auch bestimmte
vorzubeugen habe ich mir auch bestimmte
uhrzeiten<00:04:11.189><c> eingeführt</c><00:04:11.370><c> und</c><00:04:12.239><c> zwar</c><00:04:12.449><c> stehe</c><00:04:13.139><c> ich</c>
uhrzeiten eingeführt und zwar stehe ich
uhrzeiten eingeführt und zwar stehe ich
meistens<00:04:13.799><c> so</c><00:04:14.009><c> zwischen</c><00:04:14.549><c> 8</c><00:04:14.879><c> und</c><00:04:14.970><c> 9</c><00:04:15.209><c> auf</c>
meistens so zwischen 8 und 9 auf
meistens so zwischen 8 und 9 auf
momentan<00:04:16.590><c> eher</c><00:04:16.829><c> um</c><00:04:16.979><c> 9</c>
momentan eher um 9
momentan eher um 9
dann<00:04:18.239><c> arbeite</c><00:04:18.930><c> ich</c><00:04:19.019><c> erst</c><00:04:19.259><c> mal</c><00:04:19.349><c> direkt</c><00:04:19.620><c> an</c>
dann arbeite ich erst mal direkt an
dann arbeite ich erst mal direkt an
etwas<00:04:20.280><c> was</c><00:04:20.400><c> nicht</c><00:04:20.699><c> einfach</c><00:04:21.000><c> interessiert</c><00:04:21.840><c> ich</c>
etwas was nicht einfach interessiert ich
etwas was nicht einfach interessiert ich
nutze<00:04:22.259><c> die</c><00:04:22.380><c> energie</c><00:04:22.740><c> des</c><00:04:22.919><c> morgens</c><00:04:23.610><c> um</c><00:04:24.419><c> 10</c><00:04:24.990><c> uhr</c>
nutze die energie des morgens um 10 uhr
nutze die energie des morgens um 10 uhr
geht<00:04:25.380><c> dann</c><00:04:25.650><c> aber</c><00:04:25.919><c> duschen</c><00:04:26.870><c> 10.30</c><00:04:27.870><c> frühstück</c>
geht dann aber duschen 10.30 frühstück
geht dann aber duschen 10.30 frühstück
und<00:04:29.099><c> ab</c><00:04:29.340><c> 11</c><00:04:29.759><c> uhr</c><00:04:29.789><c> beginnen</c><00:04:30.539><c> dann</c><00:04:30.659><c> meine</c><00:04:31.849><c> calls</c>
und ab 11 uhr beginnen dann meine calls
und ab 11 uhr beginnen dann meine calls
oder<00:04:32.990><c> telefonate</c><00:04:33.990><c> oder</c><00:04:34.250><c> zoomen</c><00:04:35.250><c> oder</c><00:04:35.310><c> skype</c>
oder telefonate oder zoomen oder skype
oder telefonate oder zoomen oder skype
konferenzen
konferenzen
konferenzen
wir<00:04:37.680><c> arbeiten</c><00:04:38.009><c> ja</c><00:04:38.310><c> bei</c><00:04:38.400><c> easy</c><00:04:38.639><c> languages</c><00:04:39.090><c> auch</c>
wir arbeiten ja bei easy languages auch
wir arbeiten ja bei easy languages auch
schon<00:04:40.199><c> seit</c><00:04:40.979><c> der</c><00:04:41.130><c> zeit</c><00:04:41.250><c> vor</c><00:04:41.580><c> chrome</c><00:04:42.120><c> remote</c>
schon seit der zeit vor chrome remote
schon seit der zeit vor chrome remote
das<00:04:43.409><c> heißt</c><00:04:43.740><c> wir</c><00:04:43.889><c> haben</c><00:04:43.949><c> teams</c><00:04:44.849><c> in</c>
das heißt wir haben teams in
das heißt wir haben teams in
verschiedenen<00:04:45.419><c> städten</c><00:04:46.139><c> in</c><00:04:46.469><c> der</c><00:04:46.620><c> ganzen</c><00:04:46.650><c> welt</c>
verschiedenen städten in der ganzen welt
verschiedenen städten in der ganzen welt
und<00:04:47.669><c> mit</c><00:04:47.820><c> denen</c><00:04:48.030><c> sind</c><00:04:48.210><c> wir</c><00:04:48.330><c> in</c><00:04:48.479><c> kontakt</c><00:04:48.680><c> und</c><00:04:49.680><c> da</c>
und mit denen sind wir in kontakt und da
und mit denen sind wir in kontakt und da
müssen<00:04:50.849><c> wir</c><00:04:50.969><c> oder</c><00:04:51.539><c> ist</c><00:04:51.750><c> meine</c><00:04:51.990><c> hauptaufgabe</c>
müssen wir oder ist meine hauptaufgabe
müssen wir oder ist meine hauptaufgabe
tatsächlich<00:04:53.340><c> mit</c><00:04:53.669><c> leuten</c><00:04:54.139><c> telefonieren</c>
tatsächlich mit leuten telefonieren
tatsächlich mit leuten telefonieren
sachen<00:04:55.740><c> planen</c><00:04:56.340><c> feedback</c><00:04:56.909><c> geben</c><00:04:57.000><c> und</c><00:04:57.360><c> das</c>
sachen planen feedback geben und das
sachen planen feedback geben und das
mache<00:04:58.259><c> ich</c><00:04:58.289><c> dann</c><00:04:58.530><c> den</c><00:04:59.310><c> meisten</c><00:05:00.380><c> den</c><00:05:01.380><c> größten</c>
mache ich dann den meisten den größten
mache ich dann den meisten den größten
teil<00:05:01.949><c> des</c><00:05:02.130><c> tages</c><00:05:02.250><c> über</c>
eine<00:05:07.410><c> weitere</c><00:05:07.800><c> routine</c><00:05:08.310><c> die</c><00:05:08.610><c> ich</c><00:05:08.760><c> schon</c><00:05:08.940><c> seit</c>
eine weitere routine die ich schon seit
eine weitere routine die ich schon seit
einigen<00:05:10.860><c> jahren</c><00:05:11.430><c> verfolge</c><00:05:12.030><c> ist</c><00:05:12.450><c> mein</c><00:05:12.870><c> morning</c>
einigen jahren verfolge ist mein morning
einigen jahren verfolge ist mein morning
journal
journal
journal
das<00:05:15.210><c> ist</c><00:05:15.450><c> einerseits</c><00:05:15.900><c> einfach</c><00:05:16.410><c> ein</c><00:05:16.620><c> tagebuch</c>
das ist einerseits einfach ein tagebuch
das ist einerseits einfach ein tagebuch
also<00:05:17.700><c> ich</c><00:05:17.940><c> schreibe</c><00:05:18.630><c> auf</c><00:05:19.530><c> was</c><00:05:19.920><c> sich</c><00:05:19.980><c> am</c>
also ich schreibe auf was sich am
also ich schreibe auf was sich am
vorherigen<00:05:20.910><c> tag</c><00:05:21.170><c> erlebt</c><00:05:22.170><c> habe</c><00:05:22.470><c> damit</c><00:05:22.710><c> ich</c>
vorherigen tag erlebt habe damit ich
vorherigen tag erlebt habe damit ich
mich<00:05:23.160><c> später</c><00:05:23.580><c> daran</c><00:05:23.940><c> erinnern</c><00:05:24.390><c> kann</c><00:05:24.540><c> aber</c>
mich später daran erinnern kann aber
mich später daran erinnern kann aber
andererseits<00:05:25.680><c> ist</c><00:05:26.130><c> das</c><00:05:26.370><c> für</c><00:05:26.580><c> mich</c><00:05:26.700><c> auch</c><00:05:26.820><c> ein</c>
andererseits ist das für mich auch ein
andererseits ist das für mich auch ein
weg<00:05:27.690><c> einfach</c><00:05:28.020><c> den</c><00:05:28.290><c> kopf</c><00:05:29.040><c> freizukriegen</c><00:05:29.700><c> ich</c>
weg einfach den kopf freizukriegen ich
weg einfach den kopf freizukriegen ich
schreibe<00:05:30.600><c> nämlich</c><00:05:30.690><c> einfach</c><00:05:31.400><c> super</c><00:05:32.400><c> frei</c>
schreibe nämlich einfach super frei
schreibe nämlich einfach super frei
alles<00:05:33.780><c> auf</c><00:05:34.110><c> was</c><00:05:34.380><c> mich</c><00:05:34.590><c> gerade</c><00:05:34.770><c> beschäftigt</c>
alles auf was mich gerade beschäftigt
alles auf was mich gerade beschäftigt
und<00:05:35.730><c> was</c><00:05:35.790><c> man</c><00:05:36.030><c> gerade</c><00:05:36.180><c> durch</c><00:05:36.420><c> den</c><00:05:36.510><c> kopf</c><00:05:36.690><c> geht</c>
und was man gerade durch den kopf geht
und was man gerade durch den kopf geht
und<00:05:37.860><c> das</c><00:05:38.070><c> hilft</c><00:05:38.340><c> mir</c><00:05:38.430><c> dann</c><00:05:38.700><c> den</c><00:05:39.450><c> tag</c><00:05:39.780><c> mit</c><00:05:40.200><c> einem</c>
und das hilft mir dann den tag mit einem
und das hilft mir dann den tag mit einem
freien<00:05:40.740><c> kopf</c><00:05:40.980><c> zu</c><00:05:41.730><c> beginn</c><00:05:42.030><c> früher</c><00:05:42.480><c> als</c><00:05:42.900><c> ich</c><00:05:43.050><c> zum</c>
freien kopf zu beginn früher als ich zum
freien kopf zu beginn früher als ich zum
beispiel<00:05:43.290><c> sehr</c><00:05:43.860><c> intensiv</c><00:05:44.400><c> spanisch</c><00:05:44.580><c> gelernt</c>
beispiel sehr intensiv spanisch gelernt
beispiel sehr intensiv spanisch gelernt
habt<00:05:45.540><c> habe</c><00:05:46.050><c> ich</c><00:05:46.170><c> das</c><00:05:46.410><c> auch</c><00:05:46.770><c> auf</c><00:05:46.980><c> spanisch</c>
habt habe ich das auch auf spanisch
habt habe ich das auch auf spanisch
gemacht<00:05:47.730><c> einfach</c><00:05:48.000><c> zur</c><00:05:48.300><c> übung</c><00:05:48.690><c> das</c><00:05:49.290><c> heißt</c><00:05:49.590><c> ich</c>
gemacht einfach zur übung das heißt ich
gemacht einfach zur übung das heißt ich
habe<00:05:49.800><c> dann</c><00:05:50.010><c> jeden</c><00:05:50.370><c> tag</c><00:05:50.400><c> 100</c><00:05:51.060><c> wörter</c>
habe dann jeden tag 100 wörter
habe dann jeden tag 100 wörter
mindestens<00:05:51.960><c> auch</c><00:05:52.200><c> auf</c><00:05:52.380><c> spanisch</c><00:05:52.830><c> in</c><00:05:52.920><c> meinem</c>
mindestens auch auf spanisch in meinem
mindestens auch auf spanisch in meinem
journal<00:05:53.520><c> geschrieben</c><00:05:53.790><c> und</c><00:05:54.720><c> hab</c><00:05:54.870><c> das</c><00:05:55.080><c> dann</c>
journal geschrieben und hab das dann
journal geschrieben und hab das dann
korrigieren<00:05:56.190><c> lassen</c><00:05:56.310><c> eine</c><00:05:56.850><c> gute</c><00:05:56.970><c> übung</c><00:05:57.420><c> zum</c>
korrigieren lassen eine gute übung zum
korrigieren lassen eine gute übung zum
sprachenlernen<00:05:59.270><c> so</c><00:06:00.860><c> wenn</c><00:06:01.860><c> ich</c><00:06:02.070><c> jetzt</c>
sprachenlernen so wenn ich jetzt
sprachenlernen so wenn ich jetzt
schreibe<00:06:02.610><c> körper</c><00:06:03.360><c> schauen</c><00:06:03.600><c> was</c><00:06:03.870><c> ja</c><00:06:03.990><c> mission</c>
schreibe körper schauen was ja mission
schreibe körper schauen was ja mission
kari<00:06:04.620><c> machen</c>
kari machen
kari machen
[Musik]
[Musik]
[Musik]
[Musik]
zurück<00:06:15.960><c> zu</c><00:06:16.230><c> jana</c><00:06:16.970><c> janisch</c><00:06:17.970><c> ist</c><00:06:18.240><c> mittlerweile</c>
zurück zu jana janisch ist mittlerweile
zurück zu jana janisch ist mittlerweile
aufgestanden<00:06:19.860><c> hat</c><00:06:20.700><c> sich</c><00:06:20.910><c> an</c><00:06:21.030><c> seinen</c><00:06:21.600><c> rechner</c>
aufgestanden hat sich an seinen rechner
aufgestanden hat sich an seinen rechner
gesetzt<00:06:22.530><c> und</c><00:06:23.280><c> surft</c><00:06:23.730><c> im</c><00:06:23.790><c> internet</c>
gesetzt und surft im internet
gesetzt und surft im internet
wir<00:06:25.140><c> schauen</c><00:06:25.470><c> mal</c><00:06:25.800><c> rein</c><00:06:31.910><c> also</c><00:06:32.910><c> meine</c><00:06:33.510><c> morgan</c>
wir schauen mal rein also meine morgan
wir schauen mal rein also meine morgan
rücken<00:06:35.210><c> besteht</c><00:06:36.210><c> hauptsächlich</c><00:06:36.600><c> darin</c><00:06:37.290><c> dass</c>
rücken besteht hauptsächlich darin dass
rücken besteht hauptsächlich darin dass
sie<00:06:38.610><c> es</c><00:06:38.820><c> mir</c><00:06:38.940><c> gerne</c><00:06:39.480><c> den</c><00:06:39.960><c> tag</c><00:06:40.170><c> langsam</c>
sie es mir gerne den tag langsam
sie es mir gerne den tag langsam
anzufangen
anzufangen
anzufangen
ich<00:06:42.960><c> stehe</c><00:06:43.260><c> gemütlich</c><00:06:43.980><c> auf</c><00:06:45.140><c> und</c><00:06:46.140><c> ich</c><00:06:46.530><c> machte</c>
ich stehe gemütlich auf und ich machte
ich stehe gemütlich auf und ich machte
mir<00:06:47.160><c> ganz</c><00:06:47.490><c> gemütlichen</c><00:06:48.210><c> kaffee</c><00:06:48.990><c> und</c><00:06:49.860><c> dann</c>
mir ganz gemütlichen kaffee und dann
mir ganz gemütlichen kaffee und dann
setz<00:06:50.340><c> mich</c><00:06:50.640><c> setze</c><00:06:51.360><c> ich</c><00:06:51.510><c> mich</c><00:06:51.750><c> hin</c><00:06:51.780><c> von</c><00:06:52.200><c> meinem</c>
setz mich setze ich mich hin von meinem
setz mich setze ich mich hin von meinem
rechner<00:06:53.040><c> und</c><00:06:53.490><c> guck</c><00:06:54.360><c> erst</c><00:06:54.600><c> mal</c><00:06:54.750><c> vielleicht</c>
rechner und guck erst mal vielleicht
rechner und guck erst mal vielleicht
[Musik]
[Musik]
[Musik]
meinen<00:06:58.350><c> immerhin</c><00:06:58.800><c> e</c><00:06:59.490><c> mail</c><00:07:00.110><c> und</c><00:07:01.610><c> fange</c><00:07:02.610><c> an</c><00:07:02.730><c> mein</c>
meinen immerhin e mail und fange an mein
meinen immerhin e mail und fange an mein
tagebuch<00:07:04.140><c> zu</c><00:07:04.380><c> arbeiten</c><00:07:05.100><c> und</c><00:07:05.490><c> an</c><00:07:05.580><c> der</c><00:07:05.850><c> liste</c>
tagebuch zu arbeiten und an der liste
tagebuch zu arbeiten und an der liste
der<00:07:06.420><c> aufgaben</c><00:07:06.780><c> die</c><00:07:07.290><c> ich</c><00:07:07.530><c> an</c><00:07:07.710><c> dem</c><00:07:07.920><c> tag</c><00:07:08.090><c> nur</c><00:07:09.090><c> hat</c>
der aufgaben die ich an dem tag nur hat
der aufgaben die ich an dem tag nur hat
man<00:07:09.570><c> machen</c><00:07:10.230><c> will</c><00:07:10.410><c> und</c><00:07:10.770><c> dann</c><00:07:11.040><c> auch</c><00:07:11.310><c> an</c><00:07:11.400><c> meinen</c>
man machen will und dann auch an meinen
man machen will und dann auch an meinen
ernährungsplan<00:07:11.940><c> all</c><00:07:12.900><c> diese</c><00:07:13.230><c> sachen</c><00:07:13.530><c> die</c><00:07:13.710><c> ich</c>
ernährungsplan all diese sachen die ich
ernährungsplan all diese sachen die ich
finde<00:07:14.040><c> tag</c><00:07:14.790><c> brauche</c><00:07:16.220><c> und</c><00:07:17.220><c> zwischendurch</c>
finde tag brauche und zwischendurch
finde tag brauche und zwischendurch
mache<00:07:18.210><c> ich</c><00:07:18.390><c> schon</c><00:07:18.740><c> youtube</c><00:07:19.740><c> an</c><00:07:19.860><c> und</c><00:07:20.550><c> schaue</c><00:07:21.150><c> ob</c>
mache ich schon youtube an und schaue ob
mache ich schon youtube an und schaue ob
ich<00:07:22.380><c> dort</c><00:07:22.530><c> schon</c><00:07:22.920><c> mal</c><00:07:23.160><c> zufällig</c><00:07:23.910><c> irgendwas</c>
ich dort schon mal zufällig irgendwas
ich dort schon mal zufällig irgendwas
finde<00:07:24.870><c> was</c><00:07:25.160><c> mein</c><00:07:26.160><c> interesse</c><00:07:26.610><c> erweckt</c><00:07:27.600><c> und</c>
finde was mein interesse erweckt und
finde was mein interesse erweckt und
meistens<00:07:28.620><c> ist</c><00:07:28.770><c> das</c><00:07:28.890><c> der</c><00:07:29.160><c> fall</c><00:07:29.370><c> wenn</c><00:07:29.670><c> nicht</c>
meistens ist das der fall wenn nicht
meistens ist das der fall wenn nicht
dann<00:07:30.060><c> helfe</c><00:07:30.420><c> ich</c><00:07:30.510><c> ein</c><00:07:30.720><c> bisschen</c><00:07:31.080><c> nach</c><00:07:31.470><c> mit</c>
dann helfe ich ein bisschen nach mit
dann helfe ich ein bisschen nach mit
stichworten<00:07:33.210><c> mit</c><00:07:34.520><c> sachen</c><00:07:35.520><c> die</c><00:07:35.670><c> ich</c><00:07:35.970><c> finden</c>
stichworten mit sachen die ich finden
stichworten mit sachen die ich finden
kann<00:07:37.020><c> auf</c><00:07:37.590><c> youtube</c>
kann auf youtube
kann auf youtube
und<00:07:39.410><c> es</c><00:07:40.410><c> endet</c><00:07:40.980><c> sehr</c><00:07:41.430><c> auf</c><00:07:41.820><c> damit</c><00:07:42.390><c> dass</c><00:07:43.380><c> ich</c>
und es endet sehr auf damit dass ich
und es endet sehr auf damit dass ich
zehn<00:07:44.370><c> 20</c><00:07:45.210><c> oder</c><00:07:45.240><c> auch</c><00:07:45.450><c> 30</c><00:07:45.990><c> tabs</c><00:07:46.500><c> aufmache</c><00:07:47.210><c> kari</c>
zehn 20 oder auch 30 tabs aufmache kari
zehn 20 oder auch 30 tabs aufmache kari
lacht<00:07:48.600><c> man</c><00:07:48.870><c> darüber</c><00:07:48.990><c> aber</c><00:07:49.590><c> das</c><00:07:50.310><c> sind</c><00:07:50.400><c> die</c>
lacht man darüber aber das sind die
lacht man darüber aber das sind die
filme<00:07:50.910><c> die</c><00:07:51.800><c> ich</c><00:07:52.800><c> dann</c><00:07:52.980><c> während</c><00:07:53.490><c> des</c><00:07:53.580><c> tages</c><00:07:54.150><c> in</c>
filme die ich dann während des tages in
filme die ich dann während des tages in
den<00:07:54.420><c> pausen</c><00:07:55.020><c> mir</c><00:07:55.490><c> angucken</c><00:07:56.490><c> kann</c><00:07:57.380><c> meistens</c>
den pausen mir angucken kann meistens
den pausen mir angucken kann meistens
gucke<00:07:59.790><c> ich</c><00:08:00.000><c> selten</c>
gucke ich selten
gucke ich selten
video<00:08:02.160><c> vom</c><00:08:02.430><c> anfang</c><00:08:02.820><c> bis</c><00:08:03.030><c> zu</c><00:08:03.180><c> ende</c><00:08:03.510><c> nur</c><00:08:03.720><c> wenn</c><00:08:03.930><c> es</c>
video vom anfang bis zu ende nur wenn es
video vom anfang bis zu ende nur wenn es
mich<00:08:04.290><c> wirklich</c><00:08:04.470><c> interessiert</c><00:08:05.370><c> aber</c><00:08:05.400><c> ich</c>
mich wirklich interessiert aber ich
mich wirklich interessiert aber ich
schau<00:08:06.120><c> mal</c><00:08:06.420><c> so</c><00:08:06.630><c> rein</c><00:08:06.930><c> in</c><00:08:07.260><c> den</c><00:08:07.470><c> meisten</c><00:08:08.040><c> ja</c><00:08:08.780><c> und</c>
schau mal so rein in den meisten ja und
schau mal so rein in den meisten ja und
das<00:08:09.990><c> genieße</c><00:08:10.410><c> ich</c><00:08:10.560><c> jeden</c><00:08:10.800><c> tag</c>
das genieße ich jeden tag
das genieße ich jeden tag
apropos<00:08:13.050><c> im</c><00:08:13.380><c> internet</c><00:08:14.190><c> surfen</c><00:08:14.610><c> wir</c><00:08:15.060><c> haben</c><00:08:15.420><c> in</c>
apropos im internet surfen wir haben in
apropos im internet surfen wir haben in
diesem<00:08:15.870><c> video</c><00:08:16.170><c> heute</c><00:08:16.380><c> einen</c><00:08:16.890><c> sponsor</c><00:08:17.640><c> und</c>
diesem video heute einen sponsor und
diesem video heute einen sponsor und
dieser<00:08:18.570><c> sponsor</c><00:08:19.230><c> ist</c><00:08:19.440><c> nord</c><00:08:19.890><c> vpn</c><00:08:20.310><c> nord</c><00:08:21.180><c> wpm</c>
dieser sponsor ist nord vpn nord wpm
dieser sponsor ist nord vpn nord wpm
hilft<00:08:22.050><c> auch</c><00:08:22.320><c> euch</c><00:08:22.680><c> dabei</c><00:08:23.040><c> im</c><00:08:23.400><c> internet</c><00:08:24.030><c> surfen</c>
hilft auch euch dabei im internet surfen
hilft auch euch dabei im internet surfen
in<00:08:25.110><c> dem</c><00:08:25.380><c> es</c><00:08:25.560><c> eure</c><00:08:25.860><c> ip-adresse</c><00:08:26.700><c> verschlüsselt</c>
in dem es eure ip-adresse verschlüsselt
in dem es eure ip-adresse verschlüsselt
dadurch<00:08:28.290><c> seid</c><00:08:28.560><c> ihr</c><00:08:28.710><c> zum</c><00:08:29.220><c> einen</c><00:08:29.610><c> sicherer</c>
dadurch seid ihr zum einen sicherer
dadurch seid ihr zum einen sicherer
unterwegs<00:08:30.420><c> beim</c><00:08:31.050><c> surfen</c><00:08:31.530><c> und</c><00:08:32.520><c> ihr</c><00:08:32.760><c> könnt</c><00:08:33.150><c> auch</c>
unterwegs beim surfen und ihr könnt auch
unterwegs beim surfen und ihr könnt auch
zum<00:08:33.600><c> beispiel</c><00:08:34.110><c> inhalte</c><00:08:34.440><c> in</c><00:08:34.890><c> anderen</c><00:08:35.370><c> ländern</c>
zum beispiel inhalte in anderen ländern
zum beispiel inhalte in anderen ländern
sehen<00:08:36.150><c> die</c><00:08:36.450><c> vielleicht</c><00:08:37.200><c> in</c><00:08:37.620><c> eurer</c><00:08:38.130><c> region</c>
sehen die vielleicht in eurer region
sehen die vielleicht in eurer region
oder<00:08:39.300><c> mit</c><00:08:39.780><c> eurer</c><00:08:40.130><c> ip-adresse</c><00:08:41.130><c> geblockt</c><00:08:41.610><c> sind</c>
oder mit eurer ip-adresse geblockt sind
oder mit eurer ip-adresse geblockt sind
wenn<00:08:42.360><c> ihr</c><00:08:42.510><c> zum</c><00:08:42.630><c> beispiel</c><00:08:42.980><c> deutsche</c><00:08:43.980><c> videos</c>
wenn ihr zum beispiel deutsche videos
wenn ihr zum beispiel deutsche videos
sehen<00:08:44.610><c> wollt</c><00:08:45.150><c> die</c><00:08:45.360><c> deutschen</c><00:08:45.870><c> deutsches</c>
sehen wollt die deutschen deutsches
sehen wollt die deutschen deutsches
fernsehen<00:08:47.220><c> und</c><00:08:47.490><c> die</c><00:08:47.550><c> mediatheken</c><00:08:48.180><c> sehen</c>
fernsehen und die mediatheken sehen
fernsehen und die mediatheken sehen
wollt<00:08:48.720><c> oder</c><00:08:48.750><c> deutsches</c><00:08:49.350><c> netflix</c><00:08:49.770><c> dann</c><00:08:50.370><c> könnt</c>
wollt oder deutsches netflix dann könnt
wollt oder deutsches netflix dann könnt
ihr<00:08:50.700><c> das</c><00:08:50.850><c> mit</c><00:08:51.240><c> nord-</c><00:08:51.900><c> wie</c><00:08:52.230><c> pn</c><00:08:52.650><c> machen</c><00:08:53.370><c> um</c><00:08:54.180><c> das</c>
ihr das mit nord- wie pn machen um das
ihr das mit nord- wie pn machen um das
auszuprobieren<00:08:55.080><c> geht</c><00:08:55.950><c> mal</c><00:08:56.220><c> auf</c><00:08:56.340><c> nord-</c><00:08:56.970><c> wie</c>
auszuprobieren geht mal auf nord- wie
auszuprobieren geht mal auf nord- wie
pr.com<00:08:57.750><c> /</c><00:08:58.530><c> german</c><00:08:59.430><c> oder</c><00:09:00.180><c> benutzt</c><00:09:00.600><c> den</c>
pr.com / german oder benutzt den
pr.com / german oder benutzt den
kupontermin<00:09:02.480><c> und</c><00:09:03.480><c> damit</c><00:09:03.810><c> erhaltet</c><00:09:04.230><c> ihr</c><00:09:04.260><c> einen</c>
kupontermin und damit erhaltet ihr einen
kupontermin und damit erhaltet ihr einen
großen<00:09:04.950><c> rabatt</c><00:09:05.760><c> auf</c><00:09:05.970><c> das</c><00:09:06.060><c> 2</c><00:09:06.450><c> jahres</c><00:09:06.630><c> paket</c><00:09:07.110><c> von</c>
großen rabatt auf das 2 jahres paket von
großen rabatt auf das 2 jahres paket von
nord<00:09:07.740><c> wpm</c><00:09:08.190><c> und</c><00:09:08.850><c> einen</c><00:09:09.180><c> monat</c><00:09:09.540><c> gratis</c>
nord wpm und einen monat gratis
nord wpm und einen monat gratis
[Musik]
einer<00:09:20.960><c> meiner</c><00:09:21.320><c> wichtigsten</c><00:09:21.860><c> routinen</c><00:09:22.730><c> ist</c><00:09:23.030><c> es</c>
einer meiner wichtigsten routinen ist es
einer meiner wichtigsten routinen ist es
gerade<00:09:23.810><c> jetzt</c><00:09:23.900><c> in</c><00:09:24.320><c> der</c><00:09:24.500><c> korona</c><00:09:24.710><c> zeit</c><00:09:25.160><c> geworden</c>
gerade jetzt in der korona zeit geworden
gerade jetzt in der korona zeit geworden
einen<00:09:26.450><c> mittags</c><00:09:27.080><c> spaziergang</c><00:09:27.710><c> zu</c><00:09:27.890><c> machen</c>
einen mittags spaziergang zu machen
einen mittags spaziergang zu machen
früher<00:09:29.120><c> dachte</c><00:09:29.450><c> ich</c><00:09:29.510><c> ja</c><00:09:29.660><c> immer</c><00:09:29.870><c> spaziergänge</c>
früher dachte ich ja immer spaziergänge
früher dachte ich ja immer spaziergänge
sind<00:09:30.890><c> langweilig</c><00:09:31.580><c> aber</c><00:09:31.640><c> gerade</c><00:09:32.300><c> jetzt</c><00:09:32.390><c> in</c><00:09:32.600><c> der</c>
sind langweilig aber gerade jetzt in der
sind langweilig aber gerade jetzt in der
korona<00:09:32.960><c> zeit</c><00:09:33.350><c> wo</c><00:09:33.650><c> ich</c><00:09:33.770><c> eigentlich</c><00:09:33.950><c> den</c><00:09:34.280><c> ganzen</c>
korona zeit wo ich eigentlich den ganzen
korona zeit wo ich eigentlich den ganzen
tag<00:09:34.670><c> zu</c><00:09:35.000><c> hause</c><00:09:35.060><c> sitze</c><00:09:35.660><c> und</c><00:09:36.620><c> kauen</c><00:09:37.100><c> das</c><00:09:37.220><c> haus</c>
tag zu hause sitze und kauen das haus
tag zu hause sitze und kauen das haus
verlasse<00:09:37.970><c> ist</c><00:09:38.300><c> das</c><00:09:38.510><c> für</c><00:09:38.630><c> mich</c><00:09:38.750><c> richtig</c>
verlasse ist das für mich richtig
verlasse ist das für mich richtig
essentiell<00:09:39.890><c> wichtig</c><00:09:40.310><c> geworden</c>
essentiell wichtig geworden
essentiell wichtig geworden
dieser<00:09:41.570><c> spaziergang</c><00:09:42.200><c> teilt</c><00:09:42.500><c> immer</c><00:09:42.650><c> den</c><00:09:42.830><c> tag</c>
dieser spaziergang teilt immer den tag
dieser spaziergang teilt immer den tag
ganz<00:09:43.220><c> schön</c><00:09:43.550><c> so</c><00:09:43.790><c> in</c><00:09:43.970><c> zwei</c><00:09:44.180><c> teile</c><00:09:44.660><c> ich</c><00:09:44.840><c> werde</c>
ganz schön so in zwei teile ich werde
ganz schön so in zwei teile ich werde
gezwungen<00:09:45.530><c> mich</c><00:09:45.830><c> zu</c><00:09:45.980><c> bewegen</c><00:09:46.250><c> das</c><00:09:46.700><c> haus</c><00:09:46.940><c> mal</c>
gezwungen mich zu bewegen das haus mal
gezwungen mich zu bewegen das haus mal
zu<00:09:47.240><c> verlassen</c><00:09:47.800><c> und</c><00:09:48.800><c> dreimal</c><00:09:49.670><c> die</c><00:09:49.730><c> woche</c><00:09:49.820><c> gehe</c>
zu verlassen und dreimal die woche gehe
zu verlassen und dreimal die woche gehe
ich<00:09:50.240><c> sogar</c><00:09:50.450><c> mit</c><00:09:50.630><c> jeremy</c><00:09:51.050><c> spazieren</c><00:09:51.800><c> wir</c>
ich sogar mit jeremy spazieren wir
ich sogar mit jeremy spazieren wir
arbeiten<00:09:52.640><c> ja</c><00:09:52.730><c> zusammen</c><00:09:53.300><c> an</c><00:09:53.420><c> der</c><00:09:53.600><c> exil</c><00:09:53.990><c> eng</c><00:09:54.260><c> und</c>
arbeiten ja zusammen an der exil eng und
arbeiten ja zusammen an der exil eng und
dann<00:09:54.680><c> nutzen</c><00:09:55.010><c> wir</c><00:09:55.100><c> die</c><00:09:55.220><c> zeit</c><00:09:55.340><c> immer</c><00:09:55.760><c> um</c><00:09:56.240><c> uns</c>
dann nutzen wir die zeit immer um uns
dann nutzen wir die zeit immer um uns
auszutauschen<00:09:56.840><c> und</c><00:09:57.800><c> manchmal</c><00:09:58.100><c> sogar</c><00:09:58.400><c> jetzt</c>
auszutauschen und manchmal sogar jetzt
auszutauschen und manchmal sogar jetzt
in<00:09:59.060><c> der</c><00:09:59.270><c> kälte</c><00:09:59.570><c> im</c><00:09:59.720><c> winter</c><00:09:59.840><c> auf</c><00:10:00.320><c> einer</c>
in der kälte im winter auf einer
in der kälte im winter auf einer
parkbank<00:10:01.060><c> mittag</c><00:10:02.060><c> zu</c><00:10:02.330><c> essen</c>
parkbank mittag zu essen
parkbank mittag zu essen
[Musik]
[Musik]
[Musik]
so<00:10:12.180><c> hallo</c><00:10:12.930><c> wir</c><00:10:13.590><c> sind</c><00:10:13.680><c> am</c><00:10:13.920><c> strand</c><00:10:14.130><c> ich</c><00:10:14.790><c> war</c><00:10:15.000><c> grad</c>
so hallo wir sind am strand ich war grad
so hallo wir sind am strand ich war grad
mit<00:10:15.480><c> noah</c><00:10:15.630><c> spazierende</c><00:10:16.320><c> runde</c><00:10:16.650><c> ich</c><00:10:16.950><c> hoffe</c><00:10:17.190><c> ihr</c>
mit noah spazierende runde ich hoffe ihr
mit noah spazierende runde ich hoffe ihr
habt<00:10:17.370><c> mich</c><00:10:17.700><c> es</c><00:10:17.850><c> ist</c><00:10:17.880><c> sehr</c><00:10:18.180><c> sehr</c><00:10:18.450><c> windig</c><00:10:19.110><c> und</c>
habt mich es ist sehr sehr windig und
habt mich es ist sehr sehr windig und
spazierengehen<00:10:20.400><c> ist</c><00:10:20.670><c> tatsächlich</c><00:10:20.910><c> meine</c>
spazierengehen ist tatsächlich meine
spazierengehen ist tatsächlich meine
wichtigste<00:10:22.710><c> routine</c><00:10:23.130><c> immer</c><00:10:23.850><c> schon</c><00:10:24.060><c> gewesen</c>
wichtigste routine immer schon gewesen
wichtigste routine immer schon gewesen
auch<00:10:24.780><c> vorn</c><00:10:25.080><c> oder</c><00:10:25.170><c> bin</c><00:10:25.470><c> ich</c><00:10:25.560><c> täglich</c><00:10:25.800><c> spazieren</c>
auch vorn oder bin ich täglich spazieren
auch vorn oder bin ich täglich spazieren
gegangen<00:10:26.430><c> jetzt</c><00:10:27.150><c> mit</c><00:10:27.570><c> hund</c><00:10:27.870><c> komme</c><00:10:28.050><c> ich</c>
gegangen jetzt mit hund komme ich
gegangen jetzt mit hund komme ich
natürlich<00:10:28.230><c> noch</c><00:10:28.650><c> öfter</c><00:10:29.040><c> raus</c><00:10:29.160><c> ich</c><00:10:29.910><c> gehe</c><00:10:30.060><c> vier</c>
natürlich noch öfter raus ich gehe vier
natürlich noch öfter raus ich gehe vier
bis<00:10:30.390><c> fünfmal</c><00:10:30.630><c> am</c><00:10:30.750><c> tag</c><00:10:30.840><c> spazieren</c>
bis fünfmal am tag spazieren
bis fünfmal am tag spazieren
wir<00:10:32.340><c> haben</c><00:10:32.610><c> das</c><00:10:32.790><c> meer</c><00:10:32.940><c> direkt</c><00:10:33.150><c> vor</c><00:10:33.360><c> der</c><00:10:33.480><c> tür</c>
wir haben das meer direkt vor der tür
wir haben das meer direkt vor der tür
was<00:10:33.810><c> natürlich</c><00:10:34.170><c> super</c><00:10:34.620><c> praktisch</c><00:10:34.860><c> und</c><00:10:35.220><c> total</c>
was natürlich super praktisch und total
was natürlich super praktisch und total
schön<00:10:35.790><c> ist</c><00:10:36.180><c> und</c><00:10:36.840><c> ich</c><00:10:36.960><c> kann</c><00:10:37.110><c> dabei</c><00:10:37.290><c> abschalten</c>
schön ist und ich kann dabei abschalten
schön ist und ich kann dabei abschalten
den<00:10:39.150><c> gedanken</c><00:10:39.690><c> freien</c><00:10:39.780><c> lauf</c><00:10:40.050><c> lassen</c><00:10:40.350><c> gar</c>
den gedanken freien lauf lassen gar
den gedanken freien lauf lassen gar
nicht<00:10:41.250><c> denken</c><00:10:41.580><c> ich</c><00:10:41.880><c> finde</c><00:10:42.210><c> es</c><00:10:42.300><c> total</c><00:10:42.360><c> mit</c>
nicht denken ich finde es total mit
nicht denken ich finde es total mit
kreativ<00:10:43.200><c> an</c><00:10:43.680><c> der</c><00:10:43.830><c> frischen</c><00:10:44.160><c> luft</c><00:10:44.190><c> zu</c><00:10:44.400><c> sein</c><00:10:44.520><c> in</c>
kreativ an der frischen luft zu sein in
kreativ an der frischen luft zu sein in
der<00:10:45.060><c> natur</c><00:10:45.530><c> und</c><00:10:46.530><c> einfach</c><00:10:46.860><c> sich</c><00:10:47.070><c> zu</c><00:10:47.100><c> bewegen</c>
der natur und einfach sich zu bewegen
der natur und einfach sich zu bewegen
und<00:10:47.760><c> gut</c><00:10:47.940><c> zu</c><00:10:48.030><c> spielen</c>
[Musik]
ich<00:11:01.260><c> weiß</c><00:11:01.410><c> nicht</c><00:11:01.680><c> wie</c><00:11:01.740><c> es</c><00:11:01.830><c> euch</c><00:11:01.860><c> geht</c><00:11:02.220><c> aber</c><00:11:02.490><c> ich</c>
ich weiß nicht wie es euch geht aber ich
ich weiß nicht wie es euch geht aber ich
finde<00:11:04.110><c> nie</c><00:11:04.650><c> genug</c><00:11:05.310><c> zeit</c><00:11:05.630><c> zum</c><00:11:06.630><c> lesen</c><00:11:07.110><c> und</c><00:11:07.410><c> ich</c>
finde nie genug zeit zum lesen und ich
finde nie genug zeit zum lesen und ich
habe<00:11:07.980><c> es</c><00:11:08.040><c> so</c><00:11:08.190><c> viele</c><00:11:08.490><c> tolle</c><00:11:08.910><c> und</c><00:11:09.180><c> interessante</c>
habe es so viele tolle und interessante
habe es so viele tolle und interessante
bücher<00:11:10.170><c> auf</c><00:11:10.650><c> meiner</c><00:11:10.920><c> liste</c>
bücher auf meiner liste
bücher auf meiner liste
dass<00:11:12.210><c> ich</c><00:11:12.450><c> dieses</c><00:11:13.110><c> jahr</c><00:11:13.140><c> eine</c><00:11:13.530><c> neue</c><00:11:13.710><c> routine</c>
dass ich dieses jahr eine neue routine
dass ich dieses jahr eine neue routine
begonnen<00:11:14.760><c> habe</c><00:11:15.060><c> und</c><00:11:15.300><c> zwar</c><00:11:15.990><c> setze</c><00:11:16.800><c> ich</c><00:11:16.890><c> mich</c>
begonnen habe und zwar setze ich mich
begonnen habe und zwar setze ich mich
jeden<00:11:17.580><c> tag</c><00:11:17.610><c> mindestens</c><00:11:18.390><c> für</c><00:11:19.140><c> zehn</c><00:11:19.260><c> minuten</c>
jeden tag mindestens für zehn minuten
jeden tag mindestens für zehn minuten
hin<00:11:20.010><c> und</c><00:11:20.760><c> lese</c><00:11:21.140><c> und</c><00:11:22.140><c> manchmal</c><00:11:22.620><c> wird</c><00:11:22.860><c> es</c><00:11:22.920><c> dann</c>
hin und lese und manchmal wird es dann
hin und lese und manchmal wird es dann
ganz<00:11:23.280><c> automatisch</c><00:11:23.550><c> mehr</c><00:11:24.210><c> und</c><00:11:24.839><c> manchmal</c>
ganz automatisch mehr und manchmal
ganz automatisch mehr und manchmal
bleibt<00:11:25.200><c> es</c><00:11:25.440><c> dabei</c><00:11:25.650><c> aber</c><00:11:25.740><c> bei</c><00:11:26.100><c> zehn</c><00:11:26.370><c> minuten</c>
bleibt es dabei aber bei zehn minuten
bleibt es dabei aber bei zehn minuten
gibt<00:11:27.000><c> es</c><00:11:27.030><c> jedenfalls</c><00:11:27.390><c> keine</c><00:11:27.960><c> ausrede</c>
gibt es jedenfalls keine ausrede
gibt es jedenfalls keine ausrede
und<00:11:29.490><c> ich</c><00:11:29.610><c> merke</c><00:11:29.730><c> dass</c><00:11:30.089><c> ich</c><00:11:30.120><c> so</c><00:11:30.300><c> langsam</c><00:11:30.660><c> mit</c>
und ich merke dass ich so langsam mit
und ich merke dass ich so langsam mit
meinen<00:11:31.650><c> büchern</c><00:11:31.800><c> vorwärts</c><00:11:32.760><c> komme</c><00:11:33.089><c> während</c>
meinen büchern vorwärts komme während
meinen büchern vorwärts komme während
ich<00:11:34.020><c> mich</c><00:11:34.200><c> diesem</c><00:11:34.440><c> buch</c><00:11:34.680><c> widmen</c>
ich mich diesem buch widmen
ich mich diesem buch widmen
könnt<00:11:36.030><c> ihr</c><00:11:36.060><c> mal</c><00:11:36.210><c> schauen</c><00:11:36.600><c> wie</c><00:11:36.900><c> der</c><00:11:37.020><c> abend</c><00:11:37.440><c> von</c>
könnt ihr mal schauen wie der abend von
könnt ihr mal schauen wie der abend von
kari<00:11:38.339><c> und</c><00:11:38.460><c> janisch</c><00:11:38.910><c> aussieht</c>
kari und janisch aussieht
kari und janisch aussieht
[Musik]
[Musik]
[Musik]
so<00:11:53.920><c> leute</c><00:11:54.279><c> es</c><00:11:54.490><c> ist</c><00:11:54.519><c> jetzt</c><00:11:54.879><c> schon</c><00:11:55.290><c> nach</c><00:11:56.290><c> 12</c><00:11:56.889><c> uhr</c>
so leute es ist jetzt schon nach 12 uhr
so leute es ist jetzt schon nach 12 uhr
alle<00:11:58.209><c> anderen</c><00:11:58.769><c> sind</c><00:11:59.769><c> schon</c><00:11:59.829><c> im</c><00:12:00.040><c> bett</c><00:12:00.519><c> und</c><00:12:01.059><c> für</c>
alle anderen sind schon im bett und für
alle anderen sind schon im bett und für
mich<00:12:01.660><c> fängt</c><00:12:01.930><c> jetzt</c><00:12:02.230><c> der</c><00:12:02.740><c> gemütlichste</c><00:12:03.459><c> teil</c>
mich fängt jetzt der gemütlichste teil
mich fängt jetzt der gemütlichste teil
des<00:12:04.379><c> tages</c><00:12:05.490><c> in</c><00:12:06.490><c> der</c><00:12:06.730><c> nacht</c><00:12:07.920><c> und</c><00:12:08.920><c> vielleicht</c>
des tages in der nacht und vielleicht
des tages in der nacht und vielleicht
kommt<00:12:09.670><c> es</c><00:12:09.699><c> daher</c><00:12:10.029><c> dass</c><00:12:10.660><c> ich</c><00:12:11.110><c> früher</c><00:12:11.589><c> viele</c>
kommt es daher dass ich früher viele
kommt es daher dass ich früher viele
jahre<00:12:12.249><c> als</c><00:12:12.759><c> nachtwächter</c><00:12:13.149><c> gearbeitet</c><00:12:13.660><c> habe</c>
jahre als nachtwächter gearbeitet habe
jahre als nachtwächter gearbeitet habe
und<00:12:15.009><c> ich</c><00:12:15.490><c> liebe</c><00:12:16.059><c> dieses</c><00:12:16.509><c> abhängen</c>
und ich liebe dieses abhängen
und ich liebe dieses abhängen
in<00:12:17.949><c> der</c><00:12:18.220><c> nacht</c><00:12:18.699><c> war</c><00:12:19.059><c> es</c><00:12:19.329><c> um</c><00:12:19.480><c> mich</c><00:12:19.749><c> herum</c><00:12:20.249><c> ruhig</c>
in der nacht war es um mich herum ruhig
in der nacht war es um mich herum ruhig
ist<00:12:21.730><c> und</c><00:12:21.929><c> keiner</c><00:12:22.929><c> ich</c><00:12:23.529><c> muss</c><00:12:23.769><c> nicht</c><00:12:24.040><c> damit</c>
ist und keiner ich muss nicht damit
ist und keiner ich muss nicht damit
rechnen<00:12:24.759><c> dass</c><00:12:24.999><c> jemand</c><00:12:25.389><c> jetzt</c><00:12:25.499><c> ankommt</c><00:12:26.499><c> und</c>
rechnen dass jemand jetzt ankommt und
rechnen dass jemand jetzt ankommt und
was<00:12:26.829><c> von</c><00:12:26.980><c> mir</c><00:12:27.129><c> will</c><00:12:27.459><c> sondern</c><00:12:28.209><c> ich</c><00:12:28.449><c> habe</c><00:12:28.540><c> meine</c>
was von mir will sondern ich habe meine
was von mir will sondern ich habe meine
gitarre<00:12:29.050><c> ich</c><00:12:29.860><c> habe</c><00:12:30.100><c> mein</c><00:12:30.339><c> internet</c><00:12:31.209><c> und</c><00:12:33.899><c> mein</c>
gitarre ich habe mein internet und mein
gitarre ich habe mein internet und mein
youtube<00:12:35.679><c> und</c><00:12:35.920><c> meinem</c><00:12:36.550><c> ein</c><00:12:36.670><c> netflix</c><00:12:37.240><c> und</c><00:12:37.929><c> ich</c>
youtube und meinem ein netflix und ich
youtube und meinem ein netflix und ich
mache<00:12:38.499><c> irgendetwas</c><00:12:38.980><c> aber</c><00:12:39.600><c> grundsätzlich</c>
mache irgendetwas aber grundsätzlich
mache irgendetwas aber grundsätzlich
fühle<00:12:41.319><c> ich</c><00:12:41.470><c> mich</c><00:12:41.709><c> einfach</c><00:12:43.259><c> entspannt</c><00:12:44.259><c> und</c>
fühle ich mich einfach entspannt und
fühle ich mich einfach entspannt und
glücklich<00:12:44.709><c> in</c><00:12:45.100><c> diese</c><00:12:45.339><c> zeit</c>
glücklich in diese zeit
glücklich in diese zeit
jetzt<00:12:46.990><c> wollen</c><00:12:47.350><c> wir</c><00:12:47.439><c> von</c><00:12:47.649><c> euch</c><00:12:47.860><c> wissen</c><00:12:48.189><c> was</c>
jetzt wollen wir von euch wissen was
jetzt wollen wir von euch wissen was
sind<00:12:49.480><c> denn</c><00:12:49.569><c> eure</c><00:12:50.699><c> alltagsroutinen</c><00:12:51.699><c> schreibt</c>
sind denn eure alltagsroutinen schreibt
sind denn eure alltagsroutinen schreibt
uns<00:12:52.720><c> das</c><00:12:52.959><c> mal</c><00:12:53.110><c> auf</c><00:12:53.410><c> deutsch</c><00:12:53.619><c> dass</c><00:12:54.100><c> es</c><00:12:54.279><c> auch</c>
uns das mal auf deutsch dass es auch
uns das mal auf deutsch dass es auch
eine<00:12:54.819><c> gute</c><00:12:55.119><c> übung</c><00:12:55.389><c> für</c><00:12:55.569><c> euch</c><00:12:56.050><c> und</c><00:12:56.589><c> wenn</c><00:12:56.740><c> ihr</c>
eine gute übung für euch und wenn ihr
eine gute übung für euch und wenn ihr
noch<00:12:57.009><c> mehr</c><00:12:57.279><c> üben</c><00:12:57.819><c> volt</c><00:12:58.329><c> mit</c><00:12:58.629><c> den</c><00:12:58.870><c> vokabeln</c><00:12:59.199><c> von</c>
noch mehr üben volt mit den vokabeln von
noch mehr üben volt mit den vokabeln von
heute<00:13:00.309><c> dann</c><00:13:00.910><c> empfehlen</c><00:13:01.420><c> wir</c><00:13:01.480><c> euch</c><00:13:01.629><c> ein</c>
heute dann empfehlen wir euch ein
heute dann empfehlen wir euch ein
mitglied<00:13:02.410><c> zu</c><00:13:02.470><c> werden</c><00:13:02.589><c> von</c><00:13:02.980><c> easy</c><00:13:03.279><c> german</c><00:13:03.790><c> für</c>
mitglied zu werden von easy german für
mitglied zu werden von easy german für
eine<00:13:04.360><c> 5</c><00:13:04.660><c> euro</c><00:13:04.689><c> im</c><00:13:05.079><c> monat</c><00:13:05.139><c> erhaltet</c><00:13:05.949><c> ihr</c><00:13:05.980><c> für</c>
eine 5 euro im monat erhaltet ihr für
eine 5 euro im monat erhaltet ihr für
all<00:13:06.429><c> unsere</c><00:13:06.610><c> videos</c><00:13:07.420><c> transkripte</c><00:13:08.139><c> vokabel</c>
all unsere videos transkripte vokabel
all unsere videos transkripte vokabel
listen<00:13:09.160><c> und</c><00:13:09.970><c> interaktive</c><00:13:10.870><c> übungen</c><00:13:11.069><c> und</c><00:13:12.069><c> auch</c>
listen und interaktive übungen und auch
listen und interaktive übungen und auch
zu<00:13:12.490><c> diesem</c><00:13:12.819><c> video</c><00:13:13.179><c> und</c><00:13:13.480><c> zu</c><00:13:13.540><c> diesem</c><00:13:13.839><c> vokabular</c>
zu diesem video und zu diesem vokabular
zu diesem video und zu diesem vokabular
hatte<00:13:15.399><c> sie</c><00:13:15.670><c> wieder</c><00:13:15.939><c> einige</c><00:13:16.470><c> übungsblätter</c>
hatte sie wieder einige übungsblätter
hatte sie wieder einige übungsblätter
und<00:13:17.949><c> übungen</c><00:13:18.370><c> vorbereitet</c><00:13:18.819><c> die</c><00:13:19.720><c> findet</c><00:13:20.290><c> ihr</c>
und übungen vorbereitet die findet ihr
und übungen vorbereitet die findet ihr
auf<00:13:20.620><c> unserer</c><00:13:20.949><c> mitglieder</c><00:13:21.459><c> seite</c><00:13:21.939><c> wir</c><00:13:22.509><c> freuen</c>
auf unserer mitglieder seite wir freuen
auf unserer mitglieder seite wir freuen
uns<00:13:22.929><c> wenn</c><00:13:23.170><c> ihr</c><00:13:23.319><c> mitmacht</c><00:13:23.860><c> und</c><00:13:23.949><c> sehen</c><00:13:24.550><c> uns</c>
uns wenn ihr mitmacht und sehen uns
uns wenn ihr mitmacht und sehen uns
schon<00:13:25.149><c> bald</c><00:13:25.600><c> hier</c><00:13:25.809><c> auf</c><00:13:26.050><c> diesem</c><00:13:26.290><c> kanal</c><00:13:26.559><c> wieder</c>
schon bald hier auf diesem kanal wieder
schon bald hier auf diesem kanal wieder
bis<00:13:27.639><c> bald</c>
bis bald
bis bald
[Musik]
